%YAML:1.0
---
K: !!opencv-matrix
   rows: 3
   cols: 3
   dt: d
   data: [ 4.4785244559345284e+02, 0., 3.1292438713004134e+02, 0.,
       4.4958448143877729e+02, 1.9519751452281332e+02, 0., 0., 1. ]
D: !!opencv-matrix
   rows: 1
   cols: 5
   dt: d
   data: [ 1.5324224429276898e-01, -5.4068013708979945e-01,
       -1.7243989776167786e-03, -4.8665915365307469e-03,
       9.9567735745545094e-01 ]
